20081003516 20081003516				
20081001925 20081001925				
20091000230 20091000230				
20091000703 20091000703			
20091000827 20091000827			
20091000960 20091000960				
20091001155			
20091001450			
20091001587				
20091001746				
20091001870			
20091001972	
20091002172        			
20091002295				
20091002428				
20091002628				
20091002668				
20091002843				
20091002877				
20091003411			
20091003708			
20091003933			
20091004284			
20091000143			
20091000253				
20091000574				
20091000876				
20091000951	
20091000998			
20091001083			
20091001137			
20091001595				
20091001712				
20091001897				
20091002039				
20091002335				
20091002413				
20091002496				
20091002652				
20091002767				
20091002862				
20091003103				
20091003786			
20091003818			
20091003930				
20081002789			
20091003766		
20081003494	
#END